media = 439.0280935125318;
desvioPadrao = 6.246043363032682;