media = 489.56012758220015;
desvioPadrao = 14.931854882118653;