media = 993.4583229723202;
desvioPadrao = 18.046522765029344;