media = 445.4241670646799;
desvioPadrao = 10.569124994047773;