media = 439.1091436201181;
desvioPadrao = 6.497556960225249;