media = 491.53885262544003;
desvioPadrao = 11.84876321731173;