media = 475.6152267970801;
desvioPadrao = 8.831645442804652;