media = 492.58761967352;
desvioPadrao = 12.222612085916435;