media = 447.05868190236885;
desvioPadrao = 10.391882084924498;