media = 488.76349469304006;
desvioPadrao = 13.26832061904324;