media = 438.7352418618459;
desvioPadrao = 5.710432830455397;