media = 493.13598847052003;
desvioPadrao = 8.619025644079311;