media = 440.82138959162666;
desvioPadrao = 7.4097598300468075;