media = 436.81264795128817;
desvioPadrao = 6.170806242492231;