media = 577.773379136;
desvioPadrao = 17.24278010461899;