media = 491.11600810208;
desvioPadrao = 11.784490831007558;