media = 438.97833122199205;
desvioPadrao = 8.206114467396409;