media = 462.06177903292;
desvioPadrao = 3.4577518589595853;