media = 487.67365739507994;
desvioPadrao = 11.80107855512708;