media = 491.06945810480005;
desvioPadrao = 9.70884670921755;