media = 441.9903243437843;
desvioPadrao = 5.94607629674534;