media = 488.97769686556006;
desvioPadrao = 11.748341106021405;