media = 493.43797636856004;
desvioPadrao = 17.25476184298635;