media = 481.5155153852801;
desvioPadrao = 12.007402593163514;