media = 436.1710868007038;
desvioPadrao = 5.0818157406828925;