media = 442.57387985243645;
desvioPadrao = 7.433999719306347;