media = 436.7688422746631;
desvioPadrao = 6.295410961076934;