media = 492.0992617446801;
desvioPadrao = 9.958742697206493;