media = 491.97900792536007;
desvioPadrao = 10.123391255806885;