media = 438.5553574957514;
desvioPadrao = 6.519146334526985;