media = 522.14730440952;
desvioPadrao = 21.18764948254774;