media = 479.89843301750733;
desvioPadrao = 26.249665889659337;