media = 439.7997736581068;
desvioPadrao = 7.227823332251886;