media = 439.55797976065753;
desvioPadrao = 8.152860197735084;