media = 464.37157714072004;
desvioPadrao = 2.2349642013006954;