media = 486.6258265689446;
desvioPadrao = 17.935566769007238;