media = 635.7816529777999;
desvioPadrao = 22.340587528359187;