media = 433.2771916609798;
desvioPadrao = 4.169822395541258;