media = 720.6782176441943;
desvioPadrao = 24.357294660659115;