media = 478.40623173565996;
desvioPadrao = 21.304000439653628;