media = 973.7591155759915;
desvioPadrao = 36.04589258143319;