media = 436.4219631518527;
desvioPadrao = 6.973424255846301;