media = 501.5087797164;
desvioPadrao = 15.67260793077311;