media = 563.3282175776;
desvioPadrao = 26.708286682716118;