media = 522.8224631446896;
desvioPadrao = 33.45363411176034;