media = 512.966683649244;
desvioPadrao = 12.396049615407108;