media = 1317.9593805018403;
desvioPadrao = 36.084473484438284;