media = 486.9192691759601;
desvioPadrao = 14.187801863707;